0.048000 0.006000 0.007000 25 
0.232000 0.006000 0.257000 1365 
0.384000 0.006000 0.925000 3422 
0.797000 0.005000 1.354000 7452 
1.322000 0.008000 2.299000 12644 
2.131000 0.005000 3.831000 20550 
2.696000 0.006000 4.759000 26076 
4.302000 0.011000 7.472000 40188 
4.906000 0.006000 8.741000 47632 
6.230000 0.010000 11.056000 60452 
7.226000 0.009000 12.838000 70125 
8.644000 0.006000 15.295000 83505 
10.168000 0.006000 18.039000 98596 
11.644000 0.006000 20.892000 112554 
13.737000 0.006000 24.385000 133189 
15.530000 0.006000 27.593000 150495 
18.246000 0.010000 32.582001 176778 
20.089001 0.005000 35.638000 194480 
22.511000 0.005000 43.722000 217512 
27.093000 0.006000 57.884998 262144 
